TSPA:
---------- Results (Objective Function) ----------
Method                         |        Avg |        Min |        Max
------------------------------------------------------------------
largeNS                        |      69682 |      69273 |      70154
largeNS_LS                     |      69454 |      69207 |      69865

---------- Results (Running Time [ms]) ----------
Method                         |   Avg (ms) |   Min (ms) |   Max (ms)
------------------------------------------------------------------
largeNS                        |    8918,47 |    8905,41 |    8930,01
largeNS_LS                     |    8924,29 |    8905,36 |    8941,01

================ RESULTS (main loop runs) ================
Method                         |        Avg |        Min |        Max
largeNS                        |     302,55 |        264 |        324
largeNS_LS                     |     278,70 |        235 |        294

largeNS:
Best value: 69273
Best path: [183, 89, 186, 23, 137, 176, 80, 79, 63, 94, 124, 148, 9, 62, 144, 14, 49, 178, 106, 52, 55, 185, 40, 165, 39, 27, 90, 81, 196, 179, 57, 129, 92, 145, 78, 31, 56, 113, 175, 171, 16, 25, 44, 120, 2, 152, 97, 1, 101, 75, 86, 26, 100, 53, 180, 154, 135, 70, 127, 123, 162, 133, 151, 51, 118, 59, 65, 116, 43, 42, 184, 35, 84, 112, 4, 190, 10, 177, 54, 48, 160, 34, 181, 146, 22, 159, 193, 41, 139, 115, 46, 68, 69, 18, 108, 140, 93, 117, 0, 143]

largeNS_LS:
Best value: 69207
Best path: [22, 146, 181, 34, 160, 48, 54, 177, 10, 190, 4, 112, 84, 35, 184, 42, 43, 116, 65, 59, 118, 51, 151, 133, 162, 123, 127, 70, 135, 154, 180, 53, 121, 100, 26, 86, 75, 101, 1, 97, 152, 2, 120, 44, 25, 16, 171, 175, 113, 56, 31, 78, 145, 92, 129, 57, 179, 196, 81, 90, 165, 40, 185, 55, 52, 106, 178, 49, 14, 144, 102, 62, 9, 148, 124, 94, 63, 79, 80, 176, 137, 23, 186, 89, 183, 143, 0, 117, 93, 140, 68, 46, 115, 139, 41, 193, 159, 69, 108, 18]



TSPB:
---------- Results (Objective Function) ----------
Method                         |        Avg |        Min |        Max
------------------------------------------------------------------
largeNS                        |      44193 |      43630 |      45268
largeNS_LS                     |      43972 |      43636 |      44749

---------- Results (Running Time [ms]) ----------
Method                         |   Avg (ms) |   Min (ms) |   Max (ms)
------------------------------------------------------------------
largeNS                        |    9014,83 |    8995,00 |    9070,08
largeNS_LS                     |    9011,01 |    8994,88 |    9051,39

================ RESULTS (main loop runs) ================
Method                         |        Avg |        Min |        Max
------------------------------------------------------------------
largeNS                        |     301,95 |        220 |        341
largeNS_LS                     |     243,85 |        167 |        309

largeNS
Best value: 43630
Best path: [35, 109, 0, 29, 111, 82, 8, 104, 144, 160, 33, 138, 11, 139, 43, 168, 195, 13, 145, 15, 3, 70, 132, 169, 188, 6, 147, 90, 51, 121, 131, 135, 122, 133, 107, 40, 63, 38, 27, 16, 1, 156, 198, 117, 193, 31, 54, 73, 136, 190, 80, 162, 175, 78, 5, 177, 36, 61, 91, 141, 77, 81, 153, 187, 163, 103, 89, 127, 137, 114, 113, 176, 194, 166, 86, 185, 95, 130, 99, 179, 66, 94, 47, 148, 60, 20, 28, 149, 4, 140, 183, 152, 170, 34, 55, 18, 62, 124, 106, 143]

largeNS_LS
Best value: 43636
Best path: [86, 185, 95, 130, 99, 179, 66, 94, 47, 148, 60, 20, 28, 149, 4, 140, 183, 152, 170, 34, 55, 18, 62, 124, 106, 143, 35, 109, 0, 29, 111, 82, 21, 8, 104, 144, 160, 33, 138, 11, 139, 43, 168, 195, 13, 145, 15, 3, 70, 132, 169, 188, 6, 147, 90, 51, 121, 131, 135, 122, 133, 107, 40, 63, 38, 27, 16, 1, 156, 198, 117, 193, 31, 54, 73, 136, 190, 80, 45, 142, 175, 78, 5, 177, 36, 61, 91, 141, 77, 81, 153, 187, 163, 89, 127, 103, 113, 176, 194, 166]